32
272
1187
3555
13994
29011
47897
68029
102129
142908
197787
269753
362049
477627
621454
823096
1091143
1473790
1942378
2504682
4485416
5271283
6315236
8023501
10268995
13689021
22597463
30577467
38471156
46301184
54177945
62157344
70340444
78357738
86310990
94228953
102288551
110260410
118413427
126341538
134395880
142390951
150368871
158539876
166492820
174469423
182115611
189915627
197872870
205606746
214384232
222085387
229753983
237241381
246018861
254034171
262054239
266854089
274365783
282529115
290545296
298440739
306611307
314720312
322772195
330829698
338752253
346893589
354825135
362867895
371565066
379664580
387756294
395690397
403557385
411882180
420120213
428067331
436216034
444343390
452585191
460508422
468488229
476897270
484700671
492930035
501024282
508885998
516725917
524830571
532752683
540633107
548533544
556653157
565089109
572807271
580799925
588803693
596960108
604838761
613121392
620995480
628896207
636854491
644713719
652865499
660733552
668886555
677286670
685160899
692490967
700390628
708147817
716117865
724194614
732411631
740091585
747956848
755960336
763941278
771343122
779692377
789358209
797536964
805465895
814969097
822859138
830141362
838135342
846301339
854175158
862124502
869998009
877847026
887513173
895503958
903250568
911174217
920840180
928740834
936656095
944217038
952057842
959589210
967190857
976856672
984760843
991942894
1001608676
1011274624
1018328188
1027994118
1035116666
1043062918
1050437236
1059938604
1069604255
1076584602
1083000439
1088245007
1094012053
1099912242
1109577689
1114913455
1120629568
1130295016
1135145096
1144810514
1154475947
1164141366
1173806799
1178315675
1183489437
1188076245
1192740181
1200571193
1205064244
1209694206
1214211378
1218746454
1223211356
1228089301
1236165559
1240701402
1245193579
1249704161
1254254740
1257784754
1262290119
1266641794
1270819522
1275315281
1279429946
1283606799
1287776967
1292240056
1296505705
1300467575
1304877523
1309186655
